3 april 2018

log2 added on ai file are plot with coordinates 
ROI<-c(74838793,75137845) #HR1 to CS38

4C profiles with chr2:74450000-75770000
